4.002333319999999972e-01 -1.265444709999999917e+00
8.032303699999999713e-01 1.282601670000000027e+00
-1.395075520000000013e+00 5.572929210000000105e-02
-3.411926769999999998e-01 -1.076619940000000053e+00
1.547817470000000029e+00 1.402500489999999989e+00
2.450320179999999903e-01 -4.834423279999999767e-01
1.207068859999999910e+00 8.887526049999999733e-01
1.251326280000000013e+00 1.155553950000000052e+00
1.810044149999999963e+00 9.655307309999999754e-01
-1.669634010000000002e+00 -3.081035089999999976e-01
-7.174821050000000644e-02 -9.379397000000000428e-01
6.826319269999999717e-01 1.102581599999999939e+00
1.090395980000000042e+00 1.438995290000000038e+00
-1.676454139999999926e+00 -5.045570489999999797e-01
-1.844478040000000041e+00 4.525395439999999742e-02
1.242348510000000017e+00 1.020886610000000028e+00
-1.861470409999999909e+00 6.386458109999999799e-03
-1.460449429999999937e+00 1.532523829999999920e-01
4.989818169999999942e-01 8.980060579999999959e-01
9.839622439999999859e-01 1.043693750000000087e+00
-1.831367420000000079e+00 -1.636328350000000043e-01
1.306226169999999964e+00 1.076587170000000038e+00
3.534203280000000058e-01 -7.513202180000000396e-01
1.139579700000000084e+00 1.545038600000000040e+00
2.939956939999999741e-01 -1.261350049999999889e+00
-1.145582249999999913e+00 -3.787096360000000161e-02
1.187161050000000051e+00 6.002406630000000076e-01
-2.232119459999999833e+00 2.304750939999999915e-01
-1.283204299999999964e+00 -3.933145679999999755e-01
4.942966959999999799e-01 -8.839720089999999475e-01
6.318349299999999336e-02 -9.119522279999999759e-01
9.357595389999999735e-01 8.668206849999999797e-01
1.580147210000000024e+00 1.037883920000000071e+00
1.063049600000000039e+00 1.027060819999999985e+00
-1.397325359999999961e+00 -5.051622489999999521e-01
-1.099352400000000035e-01 -9.081136189999999830e-01
1.173467580000000066e+00 9.475010919999999892e-01
9.200845109999999938e-01 1.457676720000000037e+00
5.826589559999999501e-01 -9.000868319999999478e-01
9.527723280000000017e-01 8.990423859999999712e-01
-1.372669560000000066e+00 -3.178782150000000056e-02
2.127067599999999878e-02 -7.076141940000000297e-01
3.270490520000000068e-01 -5.559981069999999637e-01
-1.715902669999999963e+00 2.152222659999999954e-01
5.125162089999999449e-01 -7.601282449999999802e-01
1.130234689999999986e+00 7.224511219999999456e-01
-1.430743099999999934e+00 -3.427875109999999892e-01
-1.827246249999999961e+00 1.176577750000000061e-01
1.418013500000000038e+00 1.114550799999999953e+00
1.268973040000000108e+00 1.419259709999999952e+00
8.040764940000000305e-01 1.639885569999999904e+00
8.345677519999999960e-01 1.099566889999999963e+00
-1.247147320000000059e+00 -2.235223199999999966e-01
-1.294225369999999931e+00 8.187700239999999574e-02
-2.273783159999999970e-01 -4.133313869999999945e-01
2.188303869999999873e-01 -4.681831200000000082e-01
-1.225934139999999894e+00 2.555991470000000265e-01
-1.312940329999999989e+00 -4.288920700000000141e-01
-1.335323819999999939e+00 6.520537760000000294e-01
-3.011002329999999949e-01 -1.251564509999999908e+00
2.027783559999999929e-01 -9.052774449999999584e-01
1.013577839999999952e+00 1.123789809999999889e+00
8.183243940000000105e-01 8.608412570000000263e-01
1.261815560000000058e+00 1.466137440000000014e+00
4.648677239999999822e-01 -7.972124590000000399e-01
3.609088979999999780e-01 8.441067199999999771e-01
-2.150983099999999926e+00 -3.695839369999999735e-01
1.050052809999999948e+00 8.741813640000000163e-01
1.065800739999999969e-01 -7.492681530000000478e-01
-1.739457229999999965e+00 2.521835769999999921e-01
-1.120176870000000047e-01 -6.524697879999999950e-01
5.166189509999999929e-01 -6.412675820000000027e-01
3.266217869999999968e-01 -8.806080149999999662e-01
1.090177589999999919e+00 1.109525579999999900e+00
3.644595760000000073e-01 -6.942156219999999767e-01
-1.907793180000000088e+00 1.873836740000000001e-01
-1.956018290000000048e+00 1.399591259999999893e-01
3.185417010000000104e-01 -4.052717040000000104e-01
7.365126990000000484e-01 1.764162549999999996e+00
-1.441751620000000012e+00 -5.723204290000000194e-02
3.217571679999999823e-01 -5.342838210000000476e-01
-1.373173049999999895e+00 4.644846440000000021e-02
6.872259099999999954e-02 -1.105229440000000007e+00
9.593142180000000518e-01 6.523162099999999519e-01
-1.626419190000000015e+00 -5.624232799999999699e-01
1.067883050000000056e+00 7.292604820000000432e-01
-1.796435470000000034e+00 -9.883074179999999931e-01
-9.886283769999999749e-02 -6.811980920000000606e-02
-1.051356999999999986e-01 1.170221430000000007e+00
8.799646989999999613e-01 1.253403169999999900e+00
9.807534070000000215e-01 1.154865390000000103e+00
-8.332249660000000391e-02 -9.248443680000000278e-01
8.487596729999999923e-01 1.093974250000000037e+00
1.329416490000000062e+00 1.137345629999999996e+00
3.237880679999999844e-01 -7.497324509999999664e-01
-1.526109699999999902e+00 -2.490169289999999980e-01
-1.485981159999999912e+00 -2.688286080000000244e-01
-1.804795530000000037e+00 1.870526999999999884e-01
-2.019073469999999926e+00 -4.495116510000000121e-01
2.872024020000000233e-01 -6.554874149999999622e-01
8.222951020000000000e-01 1.384432340000000039e+00
-3.569970360000000037e-02 -8.018258069999999460e-01
-1.669554399999999994e+00 -1.382585050000000038e-01
-1.782268210000000019e+00 2.933530329999999853e-01
7.258371380000000483e-01 -6.233740239999999710e-01
3.884325929999999927e-01 -7.612834969999999757e-01
1.490027830000000053e+00 7.956786710000000040e-01
6.554232279999999862e-04 -7.405807020000000351e-01
-1.345331159999999970e+00 -4.756299370000000026e-01
-8.038451060000000314e-01 -3.099430129999999894e-01
-2.490412949999999959e-01 -1.006624179999999980e+00
-1.410951180000000083e+00 -7.067441269999999442e-02
-1.751195939999999895e+00 -3.004913359999999978e-01
-1.279427239999999966e+00 1.737746000000000013e-01
3.350281829999999794e-01 6.247611509999999591e-01
1.168196489999999921e+00 1.189022510000000032e+00
7.152104569999999661e-01 9.260774189999999573e-01
1.300572779999999984e+00 9.163495649999999770e-01
-1.216970080000000065e+00 1.100394769999999967e-01
-1.707079350000000106e+00 -5.996595360000000347e-02
1.207306549999999978e+00 1.054804630000000021e+00
1.868960090000000018e-01 -9.580472340000000253e-01
8.034634710000000402e-01 3.861331399999999858e-01
-1.734867900000000018e+00 -1.498319130000000110e-01
1.312614989999999926e+00 1.118029820000000063e+00
4.049931480000000250e-01 -5.109003469999999769e-01
-1.932679679999999900e+00 2.207646940000000113e-01
6.560047989999999718e-01 9.618871610000000461e-01
-1.405882150000000053e+00 1.171344029999999981e-01
-1.743062639999999996e+00 -7.474739589999999934e-02
5.437454120000000390e-01 1.472092240000000052e+00
-1.973316690000000095e+00 -2.271244930000000106e-01
1.539011710000000033e+00 1.360490809999999939e+00
-1.483234519999999890e+00 -4.903020630000000102e-01
3.867484840000000035e-01 -1.261733999999999911e+00
1.170157160000000029e+00 1.185494150000000024e+00
-8.053817209999999949e-02 -3.219236269999999900e-01
-6.822731560000000472e-02 -8.528258869999999492e-01
7.135000280000000084e-01 1.278685199999999966e+00
-1.850143780000000016e+00 -5.034905579999999770e-01
6.360852660000000658e-02 -1.412570399999999893e+00
1.529660620000000026e+00 9.660565719999999468e-01
1.621657139999999886e-01 -1.373748430000000020e+00
-3.234744970000000275e-01 -7.066202689999999675e-01
-1.517689929999999965e+00 1.876583019999999991e-01
8.888959109999999830e-01 7.622371610000000519e-01
4.831640320000000210e-01 8.819318689999999794e-01
-5.529977660000000295e-02 -7.113050159999999567e-01
-1.579664409999999908e+00 -6.292203130000000311e-01
5.513086450000000138e-02 -8.472067629999999738e-01
-2.060015819999999831e+00 5.876977869999999715e-02
1.118108550000000090e+00 1.302541750000000054e+00
4.870161639999999736e-01 -9.901439370000000295e-01
-1.655180419999999986e+00 -1.693863830000000015e-01
-1.443497379999999941e+00 1.902992430000000068e-01
-1.700745469999999926e-01 -8.267360219999999593e-01
-1.824339790000000017e+00 -3.078146259999999801e-01
1.030934849999999958e+00 1.264576909999999943e+00
1.644311690000000103e+00 1.277731149999999927e+00
-1.476176930000000054e+00 2.607838720000000068e-02
1.009530669999999963e+00 1.142701809999999929e+00
-1.452856359999999958e+00 -2.552162069999999727e-01
-1.740929170000000026e+00 -8.344431770000000637e-02
1.220382990000000056e+00 1.286999610000000072e+00
9.169253969999999754e-01 7.320702749999999925e-01
-1.607541849999999948e-03 -7.263755710000000532e-01
8.938412380000000379e-01 8.411466429999999717e-01
6.337919610000000148e-01 1.009151340000000063e+00
-1.479270749999999968e+00 -6.997819360000000488e-01
5.447993739999999752e-02 -1.064419699999999969e+00
-1.519355680000000097e+00 -4.892769290000000271e-01
2.899390259999999886e-01 -7.731455229999999457e-01
-9.681540610000000796e-03 -1.133022069999999992e+00
1.134746390000000105e+00 9.715417440000000404e-01
5.364214059999999895e-01 -8.479063879999999553e-01
1.147598640000000003e+00 6.899152050000000314e-01
5.732919020000000199e-01 7.908027100000000198e-01
2.123773969999999955e-01 -6.075698080000000445e-01
5.265795479999999529e-01 -8.159302640000000162e-01
-2.018316410000000172e+00 6.786507399999999746e-02
-2.355126240000000037e-01 -1.082051319999999928e+00
1.592747800000000047e-01 -6.007172610000000024e-01
2.281203559999999964e-01 -1.160035490000000058e+00
-1.536583779999999955e+00 8.407988080000000641e-02
1.139546090000000067e+00 6.317820010000000375e-01
1.011192550000000079e+00 1.043608050000000009e+00
-1.420398669999999863e-01 -4.812303370000000080e-01
-2.231201819999999891e+00 8.491629050000000511e-02
1.255548109999999884e-01 -1.017947930000000056e+00
-1.724935090000000004e+00 -6.944261769999999778e-01
-1.604346300000000003e+00 4.455508679999999888e-01
7.371539790000000147e-01 9.265607439999999917e-01
6.729052709999999715e-01 1.133660300000000065e+00
1.200664560000000103e+00 7.262730929999999807e-01
7.587472089999999780e-02 -9.833783259999999693e-01
1.287832620000000095e+00 1.180886010000000041e+00
1.065219300000000091e+00 1.007147460000000105e+00
1.058716980000000030e+00 1.129565190000000108e+00
-1.126434099999999994e+00 1.667877439999999878e-01
-1.101572180000000012e+00 -3.641378060000000083e-01
2.351182169999999905e-01 -1.397699490000000044e-01
1.138537949999999910e+00 1.010185190000000066e+00
5.312056539999999716e-01 -8.819907919999999679e-01
4.330859360000000047e-01 -7.640590419999999661e-01
-4.489261559999999963e-03 -1.305484110000000086e+00
-1.763485889999999889e+00 -4.974307390000000106e-01
1.364856810000000031e+00 5.834046990000000266e-01
5.669239000000000361e-01 1.513919629999999961e+00
1.357368260000000104e+00 6.709153180000000383e-01
1.071733969999999925e+00 6.119908840000000128e-01
1.001069149999999963e+00 8.938153260000000211e-01
1.330910070000000056e+00 8.797738790000000364e-01
-1.796037399999999895e+00 -3.538839729999999906e-02
-1.272229789999999916e+00 4.001566420000000068e-01
8.474806030000000545e-01 1.170323640000000109e+00
-1.509891290000000108e+00 -7.123183299999999996e-01
-1.249535760000000106e+00 -5.578597299999999981e-01
-1.277179730000000069e+00 -5.993505500000000374e-01
-1.819467429999999997e+00 7.370576730000000243e-01
1.199498670000000100e+00 1.569693860000000107e+00
-1.255438470000000084e+00 -2.338928259999999981e-01
-1.630520579999999997e+00 1.614558650000000040e-01
1.106113050000000042e+00 7.396982239999999598e-01
6.701931920000000487e-01 8.705670009999999515e-01
3.696701560000000275e-01 -6.946453059999999624e-01
-1.263622929999999922e+00 -6.992492850000000537e-01
-3.666875070000000236e-01 -1.353102599999999933e+00
2.440321470000000048e-01 -6.594707929999999996e-01
-1.276791419999999899e+00 -4.854534119999999731e-01
3.774736120000000278e-02 -6.992516050000000538e-01
-2.191485389999999978e+00 -4.911995000000000111e-01
-2.932777770000000173e-01 -5.894882120000000114e-01
-1.657373970000000085e+00 -2.983377859999999937e-01
7.366388609999999781e-01 5.780370569999999653e-01
1.137090809999999896e+00 1.301197539999999986e+00
-1.441466010000000075e+00 3.139346800000000076e-02
5.923607079999999581e-01 1.225451140000000105e+00
6.517194139999999969e-01 4.926748939999999743e-01
5.945591390000000143e-01 8.256373150000000383e-01
-1.879007220000000089e+00 -5.218996259999999499e-01
2.152250410000000058e-01 -1.282698509999999903e+00
4.991459650000000248e-01 -6.702686340000000298e-01
-1.829541759999999906e+00 -3.392697310000000188e-01
7.927214030000000466e-01 1.337856060000000014e+00
9.543633719999999876e-01 9.803966259999999933e-01
-1.353598459999999948e+00 1.039763400000000004e-01
1.055950619999999951e+00 8.070319270000000378e-01
-1.943110099999999951e+00 -1.189769640000000045e-01
-1.396041370000000059e+00 -3.100959759999999954e-01
1.289776239999999907e+00 1.017533650000000067e+00
-1.595031389999999938e+00 -5.405746089999999837e-01
-1.419940460000000071e+00 -3.810325689999999876e-01
-2.355698009999999953e-02 -1.101337020000000111e+00
-1.260385679999999953e+00 -6.932738859999999503e-01
9.602159810000000517e-01 -8.115536939999999921e-01
5.518033079999999924e-01 -1.017931759999999963e+00
3.701850850000000248e-01 -1.068854680000000057e+00
8.255292069999999871e-01 8.770070599999999494e-01
-1.870325950000000015e+00 2.875071989999999911e-01
-1.562607690000000105e+00 -1.891967119999999891e-01
-1.263465480000000030e+00 -7.747252369999999555e-01
-6.338004210000000582e-02 -7.594006110000000032e-01
8.852982799999999930e-01 8.856205190000000504e-01
-1.433246860000000067e-01 -1.160836779999999901e+00
-1.839087249999999951e+00 -3.266555150000000074e-01
2.747092289999999992e-01 -1.045468290000000078e+00
-1.457035730000000084e+00 -2.918420360000000269e-01
-1.590488420000000014e+00 1.660630309999999998e-01
9.255492840000000276e-01 7.414064059999999623e-01
1.972454690000000066e-01 -7.807032250000000007e-01
2.884016970000000124e-01 -8.324255510000000413e-01
7.241416179999999869e-01 -7.991492000000000040e-01
-1.626586389999999938e+00 -1.800055429999999901e-01
5.844815880000000519e-01 1.131956399999999974e+00
1.021467319999999956e+00 4.596577989999999780e-01
8.650505539999999716e-01 9.577148869999999592e-01
3.987177659999999735e-01 -1.242731470000000060e+00
8.622348920000000305e-01 1.109555609999999914e+00
-1.359994300000000100e+00 2.499426540000000002e-02
-1.191785050000000012e+00 -3.829463229999999913e-02
1.293924239999999948e+00 1.103205090000000110e+00
1.256796299999999977e+00 -7.798575819999999936e-01
9.380403019999999925e-02 -5.532472579999999640e-01
-1.735121750000000018e+00 -9.762716670000000374e-02
2.231535869999999866e-01 -9.434743509999999889e-01
4.019890999999999881e-01 -1.109630509999999903e+00
-1.422441580000000094e+00 1.819147030000000109e-01
3.924762669999999898e-01 -8.784262769999999776e-01
1.251818749999999980e+00 6.936149959999999837e-01
1.774813169999999926e-02 -7.203042349999999594e-01
-1.877525209999999944e+00 -2.638704239999999923e-01
-1.580636020000000030e+00 -5.504563439999999863e-01
-1.595894930000000045e+00 -1.539328919999999878e-01
-1.018297699999999972e+00 3.885423699999999980e-02
1.248196590000000050e+00 6.600418030000000380e-01
-1.255513770000000084e+00 -2.961720090000000138e-02
-1.418645589999999901e+00 -3.582301789999999819e-01
5.257583260000000536e-01 8.705005430000000155e-01
5.555999879999999891e-01 1.187650719999999938e+00
2.813444390000000017e-02 -6.991113140000000392e-01
